i = 57               ! your choice of midi intrument (1-99) (see wiki) (default = 1 = piano)

0.30 44.0

0.45 49.0
0.15 44.0
0.30 49.0
0.90 52.0
0.90 49.0

0.45 52.0
0.15 49.0
0.30 52.0
0.90 56.0
0.90 52.0

0.45 56.0
0.15 52.0
0.30 56.0
0.90 59.0
0.90 47.0

0.45 52.0
0.15 47.0
0.30 52.0
1.50 56.0
0.30 47.0

0.45 52.0
0.15 49.0
0.30 52.0
0.90 56.0
0.90 52.0

0.45 56.0
0.15 52.0
0.30 56.0
0.90 59.0
0.90 56.0

0.45 59.0
0.15 56.0
0.30 59.0
0.90 63.0
0.90 51.0

0.45 56.0
0.15 51.0
0.30 56.0
1.50 59.0
0.30 44.0

0.45 49.0
0.15 44.0
0.30 49.0
0.90 52.0
0.90 49.0

0.45 52.0
0.15 49.0
0.30 52.0
0.90 56.0
0.90 52.0

0.45 56.0
0.15 52.0
0.30 56.0
0.90 59.0
0.90 47.0

0.45 52.0
0.15 47.0
0.30 52.0
1.50 56.0
0.30 47.0

0.45 52.0
0.15 49.0
0.30 52.0
0.90 56.0
0.90 52.0

0.45 56.0
0.15 52.0
0.30 56.0
0.90 59.0
0.90 56.0

0.45 59.0
0.15 56.0
0.30 59.0
0.90 63.0
0.90 51.0

0.45 56.0
0.15 51.0
0.30 56.0
1.50 60.0
0.30 44.0

0.45 45.0
0.15 42.0
0.30 45.0
1.50 49.0
0.30 56.0

0.45 57.0
0.15 54.0
0.30 57.0
1.50 61.0
0.30 44.0

0.45 45.0
0.15 42.0
0.30 45.0
0.90 50.0
0.90 44.0

0.45 52.0
0.15 56.0
0.30 61.0
1.50 64.0
0.30 56.0

0.45 57.0
0.15 54.0
0.30 57.0
0.90 63.0
0.90 56.0

0.45 52.0
0.15 56.0
0.30 61.0
0.90 64.0
0.90 0.0

0.30 0.0
